31 12
12 13
12 1
31 5
13 1
1 5
13 31
31 12
12 31
31 5
13 12
12 1
13 1
1 5
13 1
1 5
12 1
1 5
5 31
1 5
1 31
31 12
15 13
13 5
13 15
15 1
1 31
31 1
1 6
13 6
1 13
13 33
9 13
13 33
9 33
9 33
33 12
12 33
33 12
12 13
13 6
12 9
9 6
12 13
13 6
9 1
1 9
9 33
33 5
5 12
12 5
5 12
9 1
1 12
12 33
9 5
1 5
5 12
12 9
31 5
5 33
15 33
1 5
1 15
15 5
5 31
31 5
31 15
15 1
31 6
6 13
13 31
31 6
13 31
31 6
6 13
13 6
1 13
13 12
13 6
6 1
1 13
13 12
12 6
6 12
12 1
13 6
1 13
12 13
13 31
31 1
13 6
6 12
13 1
1 13
13 5
12 5
5 31
31 13
13 1
1 5
5 31
5 31
31 1
1 12
12 13
13 31
31 1
31 13
13 1
1 31
31 13
13 12
13 5
13 1
1 5
13 31
31 12
12 31
31 6
13 6
12 13
13 6
31 33
33 13
13 6
13 33
33 13
13 6
6 33
3 6
6 33
33 13
13 3
3 13
13 6
6 3
15 13
1 13
31 12
6 33
31 12
31 1
31 12
12 31
12 6
13 5
13 1
1 13
31 1
12 31
31 13
13 1
1 13
31 5
13 12
12 13
31 13
13 1
12 31
31 13
31 13
1 13
13 12
13 12
12 13