23 30
30 40
40 11
23 11
30 23
23 30
11 12
12 30
30 40
40 23
40 30
30 12
30 23
30 23
23 40
23 30
30 12
30 11
11 23
23 11
11 23
23 12
12 30
23 11
11 12
12 11
23 30
30 11
11 23
23 12
12 11
30 12
30 23
30 23
23 9
9 12
23 30
30 23
23 9
9 19
19 12
12 30
23 9
9 23
23 30
31 23
23 30
19 9
9 19
19 31
31 23
23 9
9 30
9 19
19 23
23 9
9 30
30 19
30 23
23 19
19 23
23 30
30 23
9 23
23 30
9 30
31 9
9 19
31 9
9 34
34 9
9 40
40 19
34 12
12 19
19 9
9 40
40 34
19 12
12 9
19 9
9 19
19 9
9 19
40 9
9 19
34 9
9 19
19 12
19 34
34 40
40 19
19 34
34 12
12 19
19 9
9 34
34 19
19 9
9 40
34 9
9 23
23 11
23 34
11 23
23 11
11 23
30 34
34 23
23 30
30 23
23 30
30 11
11 23
30 34
34 23
30 11
30 40
11 23
34 11
11 23
23 11
30 9
9 23
23 30
30 23
23 12
30 23
30 11
11 12
12 40
40 11
12 30
30 11
11 12
40 11
11 23
30 23
23 40
40 23
23 12
12 11
12 30
30 11
11 40
23 11
11 12
12 23
23 40
40 11
11 23
23 30
23 30
30 23
23 30
12 23
23 30
30 23
23 30
9 31
30 23
31 9
9 23
23 30
31 30
30 23
23 30
30 19
19 30
30 23
23 30
30 19
19 30
23 30
34 19 
19 31
31 34
34 40
34 19
34 40
40 19
19 34
34 11
11 34
34 40
40 9
9 12
12 11
40 12
12 34
34 9
9 12
9 11
11 12
12 34
34 9
9 11
34 12
12 40
40 11
9 12
9 12
12 30
12 11
11 9
9 30
9 23
23 11
30 23
23 9
9 11
11 23
23 12
30 23
30 11
30 9
9 23
23 11
9 23
30 9
9 12
12 23
23 30
30 12
9 30
23 30
30 23
30 40
40 23
23 30
30 40
30 9
9 40